[1377827464][1][database/4718.png][271]
[1367341704][2][database/4499.png][168]
[1356855944][3][database/4462.png][265]
[1346370184][4][database/4718.png][271]
[1335884424][5][database/4496.png][303]
[1325398664][6][database/4449.png][258]
[1304427144][7][database/4472.png][222]
[1304427144][8][database/4378.png][221]
[1283455624][9][database/4418.png][300]
[1283455624][10][database/2410.png][249]
[1272969864][11][database/4489.png][300]
[1262484104][12][database/7160.png][271]
[1241512584][13][database/4461.png][282]
[1241512584][14][database/59528.png][278]
[1220541064][15][database/4568.png][292]
[1220541064][16][database/4494.png][274]
[1210055304][17][database/4538.png][295]
[1168112264][18][database/4429.png][275]
[1168112264][19][database/4478.png][222]
[1168112264][20][database/4642.png][286]
[1168112264][21][database/4574.png][347]
[1157626504][22][database/4498.png][204]
[1147140744][23][database/4589.png][289]
[1147140744][24][database/4516.png][248]
[1126169224][25][database/4540.png][236]
[1115683464][26][database/4547.png][166]
[1115683464][27][database/4480.png][282]
[1094711944][28][database/4479.png][177]
[1084226184][29][database/4603.png][339]
[1073740424][30][database/4415.png][329]
[1063254664][31][database/10982.png][257]
[1052768904][32][database/4443.png][259]
[1052768904][33][database/4599.png][327]
[1031797384][34][database/4475.png][310]
[1021311624][35][database/4493.png][303]
[1010825864][36][database/4466.png][193]
[1000340104][37][database/4576.png][308]
[989854344][38][database/4502.png][281]
[979368584][39][database/4066.png][283]
